[
    {
        "K": [
            [
                39.45516044063844,
                -0.9639791117358731,
                3.5547373766877417
            ],
            [
                0.0,
                28.112751819562973,
                -13.12809294308761
            ],
            [
                0.0,
                0.0,
                0.012263329145879593
            ]
        ],
        "R": [
            [
                -0.010050300712999565,
                0.04685490613386585,
                -0.9988511446791082
            ],
            [
                -0.9991670480086353,
                0.03903798129210923,
                0.011884704049588838
            ],
            [
                0.03954998899225718,
                0.9981385944786543,
                0.04642353479528235
            ]
        ],
        "t": [
            -0.9999996457258569,
            0.0008417530283902844,
            1.9735896594288433e-17
        ]
    },
    {
        "K": [
            [
                39.45516044063844,
                -0.9639791117358731,
                3.5547373766877417
            ],
            [
                0.0,
                28.112751819562973,
                -13.12809294308761
            ],
            [
                0.0,
                0.0,
                0.012263329145879593
            ]
        ],
        "R": [
            [
                -0.18331707639669462,
                0.05291935470636221,
                -0.9816284385646284
            ],
            [
                -0.9822579334737291,
                0.03031316726504629,
                0.18506880887464686
            ],
            [
                0.03954998899225718,
                0.9981385944786543,
                0.04642353479528235
            ]
        ],
        "t": [
            -0.9846761658292554,
            0.17439279930030577,
            1.9735896594288433e-17
        ]
    },
    {
        "K": [
            [
                39.455160440638444,
                -0.9639791117358718,
                3.5547373766877404
            ],
            [
                0.0,
                28.112751819562973,
                -13.12809294308761
            ],
            [
                0.0,
                0.0,
                0.012263329145879593
            ]
        ],
        "R": [
            [
                -0.3512198686226102,
                0.05738187802272975,
                -0.9345329977905013
            ],
            [
                -0.9354573225195412,
                0.020655901983719163,
                0.35283555866410377
            ],
            [
                0.03954998899225714,
                0.9981385944786543,
                0.04642353479528235
            ]
        ],
        "t": [
            -0.9393895788173751,
            0.3428515993973408,
            -4.24947746581601e-18
        ]
    },
    {
        "K": [
            [
                39.45516044063844,
                -0.9639791117358768,
                3.554737376687737
            ],
            [
                0.0,
                28.112751819562966,
                -13.128092943087607
            ],
            [
                0.0,
                0.0,
                0.012263329145879593
            ]
        ],
        "R": [
            [
                -0.5082478257894566,
                0.06009605280367722,
                -0.8591115247845927
            ],
            [
                -0.8603022410472976,
                0.010383190723188511,
                0.5096785687071836
            ],
            [
                0.039549988992257284,
                0.9981385944786544,
                0.04642353479528235
            ]
        ],
        "t": [
            -0.8656272184875626,
            0.5006890438320829,
            1.9735896594288433e-17
        ]
    },
    {
        "K": [
            [
                39.45516044063844,
                -0.9639791117358778,
                3.554737376687736
            ],
            [
                0.0,
                28.112751819562973,
                -13.12809294308761
            ],
            [
                0.0,
                0.0,
                0.012263329145879593
            ]
        ],
        "R": [
            [
                -0.6503921057230784,
                0.06098593712587539,
                -0.7571465012043435
            ],
            [
                -0.7585683273007201,
                -0.0002483647624543548,
                0.6515934554084566
            ],
            [
                0.0395499889922573,
                0.9981385944786543,
                0.04642353479528235
            ]
        ],
        "t": [
            -0.7651290617191239,
            0.6438769439208188,
            -6.730103180812278e-17
        ]
    },
    {
        "K": [
            [
                39.45516044063844,
                -0.9639791117358719,
                3.5547373766877426
            ],
            [
                0.0,
                28.112751819562966,
                -13.12809294308761
            ],
            [
                0.0,
                0.0,
                0.012263329145879593
            ]
        ],
        "R": [
            [
                -0.7724940915938648,
                0.06001186586649039,
                -0.6321799224965882
            ],
            [
                -0.6337891422415519,
                -0.010859197364391731,
                0.7734296354609895
            ],
            [
                0.03954998899225715,
                0.9981385944786544,
                0.04642353479528235
            ]
        ],
        "t": [
            -0.6413837047301074,
            0.7672202703961115,
            1.9735896594288433e-17
        ]
    },
    {
        "K": [
            [
                39.45516044063844,
                -0.9639791117358755,
                3.55473737668774
            ],
            [
                0.0,
                28.112751819562973,
                -13.128092943087614
            ],
            [
                0.0,
                0.0,
                0.012263329145879595
            ]
        ],
        "R": [
            [
                -0.8707617862364229,
                0.05721674186926023,
                -0.4883647776818275
            ],
            [
                -0.4901119361952602,
                -0.021109018500226263,
                0.8714038669508474
            ],
            [
                0.03954998899225724,
                0.9981385944786543,
                0.04642353479528234
            ]
        ],
        "t": [
            -0.49850649280058296,
            0.8668859651855386,
            1.9735896594288433e-17
        ]
    },
    {
        "K": [
            [
                39.455160440638444,
                -0.9639791117358735,
                3.554737376687742
            ],
            [
                0.0,
                28.112751819562973,
                -13.12809294308761
            ],
            [
                0.0,
                0.0,
                0.012263329145879593
            ]
        ],
        "R": [
            [
                -0.9424490124474787,
                0.05269962858855487,
                -0.330170574223992
            ],
            [
                -0.3320024959356248,
                -0.030693571946008857,
                0.9427790023826955
            ],
            [
                0.03954998899225718,
                0.9981385944786543,
                0.04642353479528235
            ]
        ],
        "t": [
            -0.3409411898408747,
            0.9400846265469344,
            1.9735896594288433e-17
        ]
    },
    {
        "K": [
            [
                39.45516044063844,
                -0.9639791117358739,
                3.5547373766877404
            ],
            [
                0.0,
                28.112751819562966,
                -13.128092943087607
            ],
            [
                0.0,
                0.0,
                0.012263329145879593
            ]
        ],
        "R": [
            [
                -0.9857996695065793,
                0.046565031961136705,
                -0.16134035266844363
            ],
            [
                -0.16320174622666198,
                -0.0393832960864727,
                0.9858063430603059
            ],
            [
                0.03954998899225721,
                0.9981385944786544,
                0.04642353479528235
            ]
        ],
        "t": [
            -0.17241529312286255,
            0.9850243482764056,
            1.9735896594288433e-17
        ]
    },
    {
        "K": [
            [
                39.45516044063844,
                -0.9639791117358734,
                3.554737376687742
            ],
            [
                0.0,
                28.112751819562973,
                -13.128092943087614
            ],
            [
                0.0,
                0.0,
                0.012263329145879595
            ]
        ],
        "R": [
            [
                -0.9991738664975333,
                0.039070910775910545,
                0.011182505958442867
            ],
            [
                0.009347880994220504,
                -0.04682745074544722,
                0.9988592528367549
            ],
            [
                0.03954998899225719,
                0.9981385944786543,
                0.04642353479528234
            ]
        ],
        "t": [
            0.0001387502665743449,
            0.9999999903741816,
            1.9735896594288433e-17
        ]
    },
    {
        "K": [
            [
                39.45516044063844,
                -0.9639791117358734,
                3.5547373766877417
            ],
            [
                0.0,
                28.112751819562966,
                -13.128092943087607
            ],
            [
                0.0,
                0.0,
                0.012263329145879593
            ]
        ],
        "R": [
            [
                -0.982507311151362,
                0.03038539281776133,
                0.18372836318171198
            ],
            [
                0.1819757728513141,
                -0.052877917087256705,
                0.9818802085690902
            ],
            [
                0.03954998899225719,
                0.9981385944786544,
                0.04642353479528235
            ]
        ],
        "t": [
            0.17304820232294335,
            0.984913356429284,
            1.9735896594288433e-17
        ]
    },
    {
        "K": [
            [
                39.455160440638444,
                -0.9639791117358726,
                3.55473737668774
            ],
            [
                0.0,
                28.112751819562973,
                -13.128092943087614
            ],
            [
                0.0,
                0.0,
                0.012263329145879595
            ]
        ],
        "R": [
            [
                -0.9358962769991086,
                0.020727721412602148,
                0.3516653526639344
            ],
            [
                0.350048506738595,
                -0.05735597420686011,
                0.9349739756553984
            ],
            [
                0.03954998899225716,
                0.9981385944786543,
                0.04642353479528234
            ]
        ],
        "t": [
            0.34167532133107675,
            0.9398180540898889,
            1.9735896594288433e-17
        ]
    },
    {
        "K": [
            [
                39.45516044063844,
                -0.9639791117358744,
                3.5547373766877444
            ],
            [
                0.0,
                28.112751819562966,
                -13.12809294308761
            ],
            [
                0.0,
                0.0,
                0.012263329145879593
            ]
        ],
        "R": [
            [
                -0.8601514376141927,
                0.010365363497726076,
                0.5099333913461618
            ],
            [
                0.5085030017029891,
                -0.060099130207819665,
                0.85896029699126
            ],
            [
                0.039549988992257215,
                0.9981385944786544,
                0.04642353479528235
            ]
        ],
        "t": [
            0.5009457996684583,
            0.8654786570415982,
            1.9735896594288433e-17
        ]
    },
    {
        "K": [
            [
                39.45516044063844,
                -0.9639791117358714,
                3.554737376687745
            ],
            [
                0.0,
                28.112751819562973,
                -13.128092943087614
            ],
            [
                0.0,
                0.0,
                0.012263329145879595
            ]
        ],
        "R": [
            [
                -0.7592836538564245,
                -0.0001812468284199528,
                0.6507597868153998
            ],
            [
                0.6495568730735978,
                -0.06098617352944539,
                0.7578631507607995
            ],
            [
                0.039549988992257125,
                0.9981385944786543,
                0.04642353479528234
            ]
        ],
        "t": [
            0.6430344948317982,
            0.7658372140712499,
            -6.730103180812278e-17
        ]
    },
    {
        "K": [
            [
                39.455160440638444,
                -0.9639791117358735,
                3.5547373766877404
            ],
            [
                0.0,
                28.112751819562966,
                -13.128092943087607
            ],
            [
                0.0,
                0.0,
                0.012263329145879593
            ]
        ],
        "R": [
            [
                -0.6356462393502574,
                -0.010714753182694742,
                0.7719061163536076
            ],
            [
                0.7709667027638664,
                -0.06003782371480819,
                0.634039275560278
            ],
            [
                0.03954998899225718,
                0.9981385944786544,
                0.04642353479528235
            ]
        ],
        "t": [
            0.7656746212571771,
            0.643228088909897,
            1.9735896594288433e-17
        ]
    },
    {
        "K": [
            [
                39.45516044063844,
                -0.9639791117358731,
                3.55473737668774
            ],
            [
                0.0,
                28.112751819562966,
                -13.128092943087609
            ],
            [
                0.0,
                0.0,
                0.012263329145879591
            ]
        ],
        "R": [
            [
                -0.4919583208781226,
                -0.020987574717229885,
                0.8703657462390549
            ],
            [
                0.8697199600385692,
                -0.05726139991010655,
                0.49021252859432757
            ],
            [
                0.03954998899225719,
                0.9981385944786544,
                0.04642353479528236
            ]
        ],
        "t": [
            0.8658263370525122,
            0.5003446352927444,
            1.9735896594288433e-17
        ]
    },
    {
        "K": [
            [
                39.455160440638444,
                -0.9639791117358724,
                3.5547373766877435
            ],
            [
                0.0,
                28.112751819562973,
                -13.12809294308761
            ],
            [
                0.0,
                0.0,
                0.012263329145879593
            ]
        ],
        "R": [
            [
                -0.3330859665117768,
                -0.03063295414428853,
                0.9423987272027214
            ],
            [
                0.9420666310211968,
                -0.0527348872433645,
                0.33125442545542205
            ],
            [
                0.03954998899225715,
                0.9981385944786543,
                0.04642353479528235
            ]
        ],
        "t": [
            0.9396919683836696,
            0.34202193578076917,
            1.9735896594288433e-17
        ]
    },
    {
        "K": [
            [
                39.45516044063844,
                -0.9639791117358734,
                3.554737376687741
            ],
            [
                0.0,
                28.112751819562973,
                -13.128092943087609
            ],
            [
                0.0,
                0.0,
                0.012263329145879591
            ]
        ],
        "R": [
            [
                -0.164318910804674,
                -0.039330495683190775,
                0.9856228526476445
            ],
            [
                0.985614069462626,
                -0.046609637645995135,
                0.16245752600551047
            ],
            [
                0.03954998899225719,
                0.9981385944786543,
                0.04642353479528236
            ]
        ],
        "t": [
            0.9848283064323538,
            0.1735315730626048,
            1.9735896594288433e-17
        ]
    },
    {
        "K": [
            [
                39.45516044063844,
                -0.9639791117358734,
                3.5547373766877417
            ],
            [
                0.0,
                28.112751819562966,
                -13.128092943087607
            ],
            [
                0.0,
                0.0,
                0.012263329145879593
            ]
        ],
        "R": [
            [
                0.009789596388959272,
                -0.04684471869744029,
                0.998854211650879
            ],
            [
                0.9991696363347186,
                -0.03905020540706737,
                -0.011624082089018243
            ],
            [
                0.03954998899225719,
                0.9981385944786544,
                0.04642353479528235
            ]
        ],
        "t": [
            0.9999998313172103,
            -0.0005808317753158474,
            1.9735896594288433e-17
        ]
    },
    {
        "K": [
            [
                39.455160440638444,
                -0.9639791117358735,
                3.5547373766877404
            ],
            [
                0.0,
                28.112751819562966,
                -13.12809294308761
            ],
            [
                0.0,
                0.0,
                0.012263329145879593
            ]
        ],
        "R": [
            [
                0.18330562236132966,
                -0.052919001223601325,
                0.981630596568904
            ],
            [
                0.9822600710511642,
                -0.03031378435090094,
                -0.18505736217964724
            ],
            [
                0.03954998899225718,
                0.9981385944786544,
                0.04642353479528235
            ]
        ],
        "t": [
            0.9846781993413202,
            -0.17438131706675386,
            1.9735896594288433e-17
        ]
    },
    {
        "K": [
            [
                39.45516044063844,
                -0.9639791117358746,
                3.5547373766877373
            ],
            [
                0.0,
                28.112751819562973,
                -13.128092943087614
            ],
            [
                0.0,
                0.0,
                0.012263329145879595
            ]
        ],
        "R": [
            [
                0.3510580181375051,
                -0.057378303447518014,
                0.9345940285465404
            ],
            [
                0.9355180737281776,
                -0.02066582942107566,
                -0.3526738680739748
            ],
            [
                0.03954998899225722,
                0.9981385944786543,
                0.04642353479528234
            ]
        ],
        "t": [
            0.9394488821571813,
            -0.3426890687104311,
            1.9735896594288433e-17
        ]
    },
    {
        "K": [
            [
                39.45516044063844,
                -0.9639791117358717,
                3.5547373766877453
            ],
            [
                0.0,
                28.112751819562966,
                -13.12809294308761
            ],
            [
                0.0,
                0.0,
                0.012263329145879591
            ]
        ],
        "R": [
            [
                0.5081416994837894,
                -0.060094771529701684,
                0.8591743895627474
            ],
            [
                0.86036492932734,
                -0.010390603782716371,
                -0.5095725892712362
            ],
            [
                0.039549988992257146,
                0.9981385944786544,
                0.04642353479528236
            ]
        ],
        "t": [
            0.8656889743148095,
            -0.5005822607222248,
            1.9735896594288433e-17
        ]
    },
    {
        "K": [
            [
                39.455160440638444,
                -0.9639791117358743,
                3.554737376687739
            ],
            [
                0.0,
                28.112751819562966,
                -13.128092943087607
            ],
            [
                0.0,
                0.0,
                0.012263329145879593
            ]
        ],
        "R": [
            [
                0.649912266917349,
                -0.060986081993978924,
                0.7575584090440658
            ],
            [
                0.7589794751382047,
                0.00020979799843372405,
                -0.6511145155068615
            ],
            [
                0.03954998899225721,
                0.9981385944786544,
                0.04642353479528235
            ]
        ],
        "t": [
            0.7655360881410617,
            -0.6433929574946252,
            1.9735896594288433e-17
        ]
    },
    {
        "K": [
            [
                39.455160440638444,
                -0.9639791117358756,
                3.554737376687742
            ],
            [
                0.0,
                28.112751819562966,
                -13.128092943087605
            ],
            [
                0.0,
                0.0,
                0.012263329145879591
            ]
        ],
        "R": [
            [
                0.7719781413870784,
                -0.0600206817915945,
                0.6328090288371557
            ],
            [
                0.6344174868265097,
                0.010810363983169972,
                -0.7729149943165077
            ],
            [
                0.039549988992257236,
                0.9981385944786544,
                0.04642353479528236
            ]
        ],
        "t": [
            0.6420077556569634,
            -0.7666981424761045,
            1.9735896594288433e-17
        ]
    },
    {
        "K": [
            [
                39.455160440638444,
                -0.9639791117358729,
                3.554737376687742
            ],
            [
                0.0,
                28.112751819562966,
                -13.12809294308761
            ],
            [
                0.0,
                0.0,
                0.012263329145879591
            ]
        ],
        "R": [
            [
                0.8705159200573813,
                -0.057227319366281136,
                0.488801664118281
            ],
            [
                0.49054850045368953,
                0.021080325669355988,
                -0.87115887676836
            ],
            [
                0.03954998899225717,
                0.9981385944786544,
                0.04642353479528236
            ]
        ],
        "t": [
            0.4989411125516643,
            -0.866635890213247,
            -6.730103180812278e-17
        ]
    },
    {
        "K": [
            [
                39.455160440638444,
                -0.9639791117358747,
                3.55473737668774
            ],
            [
                0.0,
                28.112751819562966,
                -13.12809294308761
            ],
            [
                0.0,
                0.0,
                0.012263329145879593
            ]
        ],
        "R": [
            [
                0.94269337623972,
                -0.0526769992444389,
                0.32947584455367795
            ],
            [
                0.33130800890481094,
                0.03073239272783415,
                -0.9430220163245141
            ],
            [
                0.03954998899225722,
                0.9981385944786544,
                0.04642353479528235
            ]
        ],
        "t": [
            0.34024844246450076,
            -0.9403355770151851,
            -6.730103180812278e-17
        ]
    },
    {
        "K": [
            [
                39.45516044063844,
                -0.9639791117358733,
                3.5547373766877404
            ],
            [
                0.0,
                28.112751819562966,
                -13.128092943087607
            ],
            [
                0.0,
                0.0,
                0.012263329145879593
            ]
        ],
        "R": [
            [
                0.9859395945187291,
                -0.0465311606330561,
                0.16049288784984983
            ],
            [
                0.16235428645698297,
                0.03942330912438971,
                -0.9859446680046131
            ],
            [
                0.03954998899225719,
                0.9981385944786544,
                0.04642353479528235
            ]
        ],
        "t": [
            0.17156849642004215,
            -0.9851721935967163,
            1.9735896594288433e-17
        ]
    },
    {
        "K": [
            [
                39.45516044063844,
                -0.9639791117358739,
                3.5547373766877417
            ],
            [
                0.0,
                28.112751819562973,
                -13.12809294308761
            ],
            [
                0.0,
                0.0,
                0.012263329145879593
            ]
        ],
        "R": [
            [
                0.9991563652387917,
                -0.03899054320449156,
                -0.012895555180953045
            ],
            [
                -0.011061472484197747,
                0.04689438935304661,
                -0.9988386056183882
            ],
            [
                0.0395499889922572,
                0.9981385944786543,
                0.04642353479528235
            ]
        ],
        "t": [
            -0.0018537721206578206,
            -0.9999982817629862,
            1.9735896594288433e-17
        ]
    },
    {
        "K": [
            [
                39.45516044063844,
                -0.9639791117358733,
                3.5547373766877417
            ],
            [
                0.0,
                28.112751819562973,
                -13.128092943087614
            ],
            [
                0.0,
                0.0,
                0.012263329145879595
            ]
        ],
        "R": [
            [
                0.9822174304626397,
                -0.030301481166460767,
                -0.18528556213177638
            ],
            [
                -0.18353396869811892,
                0.05292604700235114,
                -0.981587548760997
            ],
            [
                0.03954998899225718,
                0.9981385944786543,
                0.04642353479528234
            ]
        ],
        "t": [
            -0.17461022580000934,
            -0.9846376333687787,
            1.9735896594288433e-17
        ]
    },
    {
        "K": [
            [
                39.455160440638444,
                -0.9639791117358739,
                3.5547373766877417
            ],
            [
                0.0,
                28.112751819562966,
                -13.128092943087607
            ],
            [
                0.0,
                0.0,
                0.012263329145879593
            ]
        ],
        "R": [
            [
                0.9357053449763356,
                -0.0206964566127549,
                -0.3521749055034918
            ],
            [
                -0.35055856251620704,
                0.057367263276652966,
                -0.934782162512057
            ],
            [
                0.0395499889922572,
                0.9981385944786544,
                0.04642353479528235
            ]
        ],
        "t": [
            -0.3421875159065862,
            -0.939631685266988,
            1.9735896594288433e-17
        ]
    },
    {
        "K": [
            [
                39.45516044063844,
                -0.9639791117358733,
                3.5547373766877417
            ],
            [
                0.0,
                28.112751819562966,
                -13.12809294308761
            ],
            [
                0.0,
                0.0,
                0.012263329145879593
            ]
        ],
        "R": [
            [
                0.8616131970098837,
                -0.010538505480199415,
                -0.5074560460184225
            ],
            [
                -0.5060222298566732,
                0.06006901126554567,
                -0.8604261832234419
            ],
            [
                0.03954998899225719,
                0.9981385944786544,
                0.04642353479528235
            ]
        ],
        "t": [
            -0.4984497079856544,
            -0.8669186170621875,
            -1.54337960210534e-16
        ]
    },
    {
        "K": [
            [
                39.455160440638444,
                -0.9639791117358724,
                3.554737376687747
            ],
            [
                0.0,
                28.112751819562973,
                -13.128092943087609
            ],
            [
                0.0,
                0.0,
                0.012263329145879591
            ]
        ],
        "R": [
            [
                0.7614871339149809,
                -2.6048328075937387e-05,
                -0.6481800245328706
            ],
            [
                -0.6469722894009143,
                0.060986437292737956,
                -0.7600707277705665
            ],
            [
                0.039549988992257146,
                0.9981385944786543,
                0.04642353479528236
            ]
        ],
        "t": [
            -0.6404276730597194,
            -0.7680184864827884,
            1.9735896594288433e-17
        ]
    },
    {
        "K": [
            [
                39.45516044063844,
                -0.9639791117358739,
                3.5547373766877426
            ],
            [
                0.0,
                28.112751819562966,
                -13.128092943087607
            ],
            [
                0.0,
                0.0,
                0.012263329145879593
            ]
        ],
        "R": [
            [
                0.6383111403645492,
                0.010506867443640598,
                -0.7697067583326982
            ],
            [
                -0.76876178784928,
                0.06007455325425422,
                -0.636707437991799
            ],
            [
                0.03954998899225721,
                0.9981385944786544,
                0.04642353479528235
            ]
        ],
        "t": [
            -0.7634434933971792,
            -0.6458746259062289,
            1.9735896594288433e-17
        ]
    },
    {
        "K": [
            [
                39.45516044063844,
                -0.9639791117358726,
                3.5547373766877404
            ],
            [
                0.0,
                28.112751819562966,
                -13.12809294308761
            ],
            [
                0.0,
                0.0,
                0.012263329145879591
            ]
        ],
        "R": [
            [
                0.49562346549729047,
                0.020745790543904047,
                -0.8682896939519464
            ],
            [
                -0.8676365476506672,
                0.05734944103376164,
                -0.49388041345445827
            ],
            [
                0.039549988992257167,
                0.9981385944786544,
                0.04642353479528236
            ]
        ],
        "t": [
            -0.8637075757736216,
            -0.5039932772877568,
            1.9735896594288433e-17
        ]
    },
    {
        "K": [
            [
                39.455160440638444,
                -0.9639791117358747,
                3.5547373766877444
            ],
            [
                0.0,
                28.112751819562973,
                -13.128092943087614
            ],
            [
                0.0,
                0.0,
                0.012263329145879595
            ]
        ],
        "R": [
            [
                0.33876851629651983,
                0.030313958663615134,
                -0.9403812823936869
            ],
            [
                -0.9400381325972724,
                0.05291890137103269,
                -0.33693901397836956
            ],
            [
                0.03954998899225721,
                0.9981385944786543,
                0.04642353479528234
            ]
        ],
        "t": [
            -0.9376095538478558,
            -0.3476899833662525,
            1.9735896594288433e-17
        ]
    },
    {
        "K": [
            [
                39.45516044063844,
                -0.9639791117358733,
                3.5547373766877395
            ],
            [
                0.0,
                28.112751819562973,
                -13.12809294308761
            ],
            [
                0.0,
                0.0,
                0.012263329145879593
            ]
        ],
        "R": [
            [
                0.17143834094944319,
                0.03899258791606691,
                -0.984422913863808
            ],
            [
                -0.9844006773784824,
                0.046892689193351295,
                -0.1695770682521695
            ],
            [
                0.03954998899225718,
                0.9981385944786543,
                0.04642353479528235
            ]
        ],
        "t": [
            -0.9835483485193424,
            -0.18064508331220774,
            1.9735896594288433e-17
        ]
    }
]